# ordinates gamma>0 of zeros of L(s,chi_{-4}) on Re s=1/2, mpmath dps=20, scan H=0.05, bisect TOL=1.0e-12
# generated by compute/chi4_zeros.py --tmax 3000
6.0209489046978
10.2437703041669
12.9880980123122
16.3426071045873
18.2919931961234
21.4506113439831
23.2783765204596
25.7287564250884
28.359634343025
29.6563840145933
32.5921865271168
34.1999575092133
36.1428804583029
38.5119231417189
40.3226740666909
41.8070846200044
44.6178910586623
45.5995843967914
47.7415622809389
49.7231293237823
51.6860934528708
52.7688207678049
55.2675435846995
56.934374055202
58.1167071106738
60.4217139490076
62.0086322857675
63.7146411187856
64.9761705730958
67.636920863546
68.3658845038346
70.1858799088022
72.1554849743818
73.7676355214859
75.1431216474328
76.6963032034302
78.8099983143209
80.2101312383664
81.2139516268831
83.6666560144706
84.7317403637815
86.5776601683905
87.6297181195881
89.8011316166962
91.3497038146979
92.2374999104544
94.1666195859598
96.1360111617807
96.9617415794175
98.7553004157544
100.134886703068
102.14138082689
103.288075381679
104.333269844267
106.694458908896
107.690206975147
109.259942973928
110.499608176429
112.367816744012
113.814795548992
115.14236964765
116.193204658461
118.537554378847
119.452989876209
120.73129361866
122.447461379069
123.794548760319
125.768519559916
126.298776024941
127.959407683064
129.885623358645
131.093578754084
132.143576600988
133.744181463975
135.490837252557
136.547312267283
138.457294509696
138.750177704612
141.253632509752
142.394417522198
143.329062741618
144.978166277711
146.522005284908
147.934530812181
149.188457717302
150.296359001543
151.961987670484
153.699612623515
154.57549142872
155.650248663243
157.748305307903
158.70502112553
160.236484096771
161.407146976157
162.566046689599
164.731164616577
165.401419285863
166.753879169109
168.044420781709
170.051131187527
170.734766994579
172.280481771622
173.442978836135
174.915088085401
176.597302141918
177.701212574574
178.362374908985
180.569310385285
181.614913731705
182.916768328969
184.115032375369
185.373996607701
187.068760590694
188.271374332271
189.491731492128
190.371187610756
192.361137876056
193.797072926147
194.231883229361
196.132005654684
197.113446221577
198.806475736147
200.162039428699
200.901617870769
202.260577995931
204.221070780158
204.992003455099
206.411911047611
207.317377481888
209.227752492648
210.103185517399
211.833411820424
212.537607537213
213.761842101278
215.793818382016
216.703415266203
217.581931418038
219.172670566944
220.405621710637
221.928548507255
223.003103180629
224.122238487947
225.293261475205
226.988188488375
228.405506297436
228.959023632676
230.330130577804
232.100481747069
233.048063745299
234.351787701833
235.836218771142
236.241560494476
238.537113049983
239.33848813562
240.626711169393
241.477920928211
243.228931179738
244.513168583588
245.564881380114
246.724058534725
247.995118582739
249.184508964885
251.086563150456
251.636915839614
252.623445779668
254.314437350123
255.837918049742
256.504584947348
258.165262850351
258.834470523525
260.430472134926
261.91361498765
262.88361734246
264.054257888128
264.93285914122
267.000651199715
267.801446984602
268.783306062048
270.278087167482
271.254983694449
272.755878601694
274.171458312519
275.03310123658
275.858946011083
277.772322638319
278.803683887286
280.157144870975
280.793106949409
282.379640463561
283.604543433883
284.925595823417
286.080233307717
287.149424648242
287.978476263321
290.252146995174
290.67729632326
291.832024588844
293.202434177473
294.32726845146
295.803470824719
296.900666138855
298.078874114892
298.870320307077
300.434459850534
301.919842528597
302.917937583117
303.661118040334
305.065208865419
306.795133963712
307.286084936715
309.122483030423
309.739907613975
310.823674960946
312.556366867561
313.877942455068
314.433165169289
315.734986124927
317.012318042232
318.456217256355
319.579691297035
320.406303644493
322.00196780449
322.539117423792
324.518444673724
325.474784044106
326.458541219865
327.259931766511
329.200097937579
330.036049590346
331.211402899582
332.572946528234
333.181508328695
334.768699894679
336.152717554434
337.139663054777
338.226282686037
339.0112526152
340.841952352353
342.026153183365
342.685858237359
344.083666156569
345.209775341346
346.262760467102
347.924648114363
348.981798388547
349.4343424566
350.977213109308
352.391768243125
353.693333325683
354.301737741464
355.744440262597
356.627647213768
358.288275092942
359.096461192605
360.711041024559
361.197493036209
362.276968893167
364.419724431835
364.803736092112
366.049689518269
367.125534935075
368.433814889808
369.501693331897
371.069016090565
371.770095915151
372.884860886591
373.934868915462
375.546874727008
376.683900937975
377.559223274185
378.386929045762
380.057073182314
381.048670123035
382.239766419016
383.485092354203
384.372845681681
385.21522767181
387.149209287631
388.082142477715
388.777717961853
390.169112628897
391.081925719961
392.851762913361
393.443407711011
394.819997091793
395.804609603418
396.734455422549
398.250415976738
399.565510922142
400.692875768712
400.826430942255
402.818318458899
403.907405043484
404.945586220612
406.161247797888
407.145015561887
408.039526672954
409.588213120836
410.871662863483
411.660571450853
412.731146957583
413.669285395296
415.429295872921
416.370591226616
417.129270213614
418.557476726827
419.487459422307
420.528953897983
422.51037302958
422.687254605134
424.066895492738
424.823388820005
426.732417008649
427.384017811342
428.698107954068
429.589385972485
430.617557835896
432.060772515971
433.037443119577
434.439352398953
435.348154160344
435.904163677449
437.582219399193
439.158108255198
439.537569445176
440.677227899855
442.169739917182
442.777044291222
444.438290507889
445.463739168414
446.448331621937
447.302008904811
448.506931088658
450.056620306918
451.070775905425
451.839972460977
452.879869538279
454.253514329354
455.422497421378
456.392498176649
457.782550501735
458.60213221334
459.232883374029
461.229860089685
462.09326210395
462.98457432585
464.074350134387
465.084496147604
466.565294070755
467.469878437025
468.852763450972
469.410153424018
470.850118898187
471.558488620326
473.449639415461
474.251661331198
474.86240341634
476.106908836422
477.524504888667
478.58517487809
479.563790858924
480.853431155414
481.635725155084
482.560089556221
484.373451762986
485.024407684856
486.433852215022
486.860821172527
488.201746375388
489.727584131498
490.725911864196
491.38165678679
493.008423782597
493.482083562986
494.840881854819
496.264596172214
497.514650230783
497.764550541258
499.021411746317
500.597773931527
501.470600996472
502.775458195536
503.466430549622
504.654124961431
505.739139439563
506.940053081678
508.298673685162
509.017744547113
510.163388567594
510.789757306407
512.829907982419
513.523603253455
514.223717529729
515.800889499231
516.41158454712
517.735975415499
519.016986672415
520.167292715259
520.872667783021
521.841481363615
523.120986253099
524.602934326171
525.360948828423
526.404135942231
527.200666147475
528.755645244318
529.579467899655
530.842335853778
532.055495939794
532.815358474647
533.508383228707
535.330957786314
536.335200439569
537.227107044986
538.026826770333
539.450819996046
540.220384197939
541.907599138114
542.462563061116
543.696092760349
544.785461264317
545.38344284724
547.187258082853
548.217679158056
548.943532318786
549.822639673721
551.119867403314
552.614795665226
553.034345058515
554.734801138317
555.381062032172
556.218689984231
557.562546522718
558.989683695929
559.78942085253
560.824185809752
561.579552852494
562.884918855125
564.37515225182
565.000010036537
566.12186780638
567.295583168317
568.092673667729
569.181680299434
570.934821531253
571.526840059248
572.240067758847
573.46818183445
574.731873613463
575.955557587145
576.79842097016
577.86936240531
578.901696573392
579.747418739432
581.248096442861
582.192370948182
583.351349314551
584.341799150617
584.662080711478
586.855128396
587.363530089934
588.571741152541
589.366144575314
590.794446209378
591.322226552668
592.855302557494
594.116707762474
594.796809254262
595.668258507199
596.82414174465
598.088888745733
599.536729742477
599.899728686505
601.093915602816
602.134674465439
603.388979582488
604.293814846851
605.657211641386
606.596061539311
607.259225962844
608.263762769864
610.04874157727
610.875426492555
611.435652200991
613.003677066867
613.493458367671
614.973836698571
616.120801041654
616.988074234104
618.275844943959
618.785027484567
619.974871126388
621.3988654128
622.56938210711
623.328788593478
623.907597822063
625.552890517289
626.455609450306
627.49345046757
628.824833260083
629.522031660618
630.517965251824
631.417302392834
633.274115330677
633.660398646499
634.970114818588
635.634150165452
636.771614382137
638.175248891088
639.208784292617
639.915707252986
641.238042271647
642.151094119368
642.801767919869
644.604213070898
645.499509795839
646.299780202542
647.057489619445
648.396815869712
649.653108319206
650.54134241626
651.582296113386
652.839813697533
653.15598842116
654.822778564816
655.625704153246
657.245080496734
657.673907415059
658.599454552272
659.67216731761
661.222125495319
662.164713040434
662.779785948687
664.081757224672
665.224225514894
665.675156603787
667.462712628405
668.405646074293
669.145926513731
670.163613657264
671.043683395202
672.594045553293
673.514228881811
674.483988285832
675.272377628039
676.438700659702
677.521349763267
678.563794443853
679.768354241541
680.901923971747
681.40986652738
682.296378561174
684.193846750538
684.777196837084
685.781032433737
686.820614884037
687.725268100152
688.891994402781
689.942534643197
691.350709867036
691.805460586503
693.114842704988
693.734974763046
695.070273481262
696.655993907489
697.151376235906
697.816345869761
699.298302511462
700.133026751261
701.457381659899
702.240589338891
703.657637944008
704.299666103531
704.938584970642
706.571510333602
707.727326138354
708.47511530907
709.530587303471
710.287460248977
711.483704590727
712.950872084232
713.465509027688
714.767318340201
715.679694355416
716.57824510738
717.434962065884
719.276529164341
719.761302412727
720.851126750008
721.396540372782
723.040173172923
723.820758924333
725.028120639698
726.086723650264
726.784824203764
727.955481200985
728.76551368512
730.229608195175
731.297626712972
731.978790608429
733.073461604171
733.684486845149
735.545608657333
736.242215400506
736.963124669278
738.398014422053
739.14754792739
739.921080426006
741.428642292683
742.514928190808
743.448136241723
744.014708850613
745.171758726037
746.448568996654
747.520756143579
748.650981138333
749.134087772836
750.445751097656
751.353095013148
752.475139459451
753.557203543943
754.960934263307
755.310741946425
756.14131119082
757.580088433883
758.964039423002
759.568351578876
760.447132290546
761.773976564205
762.399481035528
763.597956042659
764.954791276376
765.736205557739
766.641929461508
767.874051658556
768.169351665461
770.186716534787
770.825807171181
771.78844371604
772.604029475412
773.679848244429
775.086928209927
775.554410671057
777.159131907866
777.978969874713
778.655985614204
779.566109459638
781.090675347973
782.074559528332
783.053565108184
783.726172787534
784.855540927562
785.82923417532
787.207446996009
787.961027609241
789.000960641945
790.138621214524
790.755634969822
791.746177736179
793.476255101493
794.195927957481
794.837344687792
795.827521973208
797.146311585276
797.983411763206
799.365498676362
799.934487046094
