# ordinates gamma>0 of zeros of L(s,chi_{-4}) on Re s=1/2, mpmath dps=20, scan H=0.05, bisect TOL=1.0e-12
# generated by compute/chi4_zeros.py --tmax 8000
6000.13066565892
6000.49382046428
6001.74295315504
6002.4140452378
6003.12999609253
6003.78295283132
6005.04512158734
6005.44538461741
6005.96210573036
6006.7304758741
6007.51507921526
6008.83439461548
6009.23509663645
6010.06316470637
6010.86453183701
6011.21520663883
6012.25789644634
6012.96761173008
6013.72728112531
6014.75661740771
6015.48213514689
6015.8872768456
6016.93839321003
6017.7612622745
6018.04177455637
6018.96915406544
6019.86923824768
6020.96767548204
6021.70336452448
6022.08710263837
6022.54528620113
6023.71838760814
6024.38700648949
6025.26401450062
6026.08975005418
6026.74131932474
6027.51300082578
6028.43071524654
6028.93497653362
6029.60505733049
6030.3267278771
6031.51830289408
6032.20138990644
6032.8425381832
6033.72688973344
6034.34844605235
6034.84536184752
6035.60242830639
6036.99881867481
6037.48346121124
6038.05890746371
6038.97114572613
6039.69712898211
6040.37633823447
6041.28577648794
6041.70630679207
6042.58959783899
6043.83583746452
6044.5083800426
6044.91801741873
6045.57659074141
6046.37723132806
6047.29266850231
6047.97125931742
6049.10838305053
6049.5548507777
6050.40902370003
6051.00047925548
6051.86075469052
6052.48210590711
6053.35775342121
6054.11854520503
6054.92266378525
6056.09988595225
6056.20646075527
6057.41887673798
6057.65441281571
6058.28745239838
6059.75545912014
6060.36101638761
6061.17242660368
6061.57791878972
6062.39074415345
6063.53243269996
6063.85530708967
6064.54208297442
6065.62329663449
6066.54752317794
6067.03306623473
6067.98825661322
6068.67706898378
6069.04685986762
6069.91729335387
6071.02454960463
6071.6087273756
6072.76700201727
6073.17189808338
6073.80261820818
6074.40856104702
6075.58462162506
6076.14022188462
6076.98157386601
6077.63412268488
6078.7032035356
6079.43333711879
6079.94988920456
6080.551402538
6081.38786701108
6082.10837391593
6083.5894170788
6083.92874718868
6084.24582784453
6085.51983253141
6085.91436252766
6086.7860066043
6087.45608347162
6088.5237451138
6089.24611047343
6089.86714612339
6090.72106494344
6091.44137701678
6092.17630225449
6092.73559668328
6093.42984011573
6094.74176299018
6095.50243721759
6095.95105475394
6096.72604855164
6097.20784586376
6098.24041453942
6098.98269660074
6100.02774730884
6100.35153806988
6101.36337331737
6102.28449666989
6102.80016243623
6103.45538375604
6104.06307765062
6105.15153131828
6105.91373381551
6106.76649803083
6107.54269324219
6108.25589233376
6108.55886485064
6109.54971730879
6110.34597161059
6111.33356490343
6112.04001349013
6112.84791711411
6113.26574363626
6114.21367258794
6115.3048523891
6115.53940842473
6116.01146297755
6117.5853800599
6118.18897684033
6118.90576389663
6119.44837363685
6120.24512832594
6120.77687092751
6121.90829223996
6122.54165262327
6123.59650751305
6124.06998725114
6124.82436427925
6125.79010919377
6126.16306026384
6127.01818845641
6127.93436986647
6128.60984615351
6129.49234617706
6130.45256586728
6131.06381317736
6131.4614788981
6132.31090281437
6132.91807397611
6134.49134182309
6134.65034165826
6135.62094926079
6136.0233171921
6137.24291577484
6137.64294399937
6138.40928995247
6139.27543601125
6139.92851860612
6141.06861078653
6141.92478957563
6142.11299954954
6142.94904925379
6143.99356047765
6144.21709971829
6145.43610618303
6146.31604815877
6147.17246434064
6147.63547224603
6148.07641724932
6149.26910900576
6149.90265364732
6150.5512470306
6151.50872817921
6152.25945106813
6153.01756004828
6154.06498153148
6154.36473640425
6155.0502785142
6155.60760356653
6157.10995051697
6157.6226273247
6158.33234381758
6158.99761191999
6159.90230785444
6160.38063590948
6161.21217740692
6162.11449672317
6162.78352953423
6163.85498084391
6164.29803137588
6165.16103318092
6166.03447991984
6166.41898595513
6167.2247110952
6167.9844323799
6169.26717267666
6169.84431038097
6170.45291410195
6171.16002947708
6171.57896416149
6172.89047294984
6173.41401783635
6174.19038653148
6175.01864713351
6175.8962522936
6176.5720771667
6177.41318819886
6177.6851186493
6178.70216396225
6179.42060342779
6180.49620931033
6181.30257438967
6181.86859895524
6182.39112005496
6183.42581912528
6183.87157888949
6184.64584987723
6186.07366097222
6186.51913476122
6186.72648194217
6188.16341048871
6188.60630904597
6189.48223252016
6189.88336012124
6190.70847931519
6191.97093094146
6192.56595728176
6193.46166529333
6193.79330697208
6194.51854201528
6195.33315175848
6196.34863034463
6197.00166378981
6197.77621714022
6198.69177553661
6199.35093125434
6199.85105169878
6200.81746798402
6201.47484203149
6202.14958790291
6203.11872553739
6204.02690068478
6204.68804654764
6205.49372131428
6205.9828416629
6206.46240277115
6207.61009274999
6208.58234765007
6209.27271677105
6209.94438762623
6210.49041806329
6211.47156061505
6212.33124275973
6212.71700492741
6213.44695208516
6214.52796624163
6215.60997696422
6215.92506716339
6216.62036399473
6217.59114131742
6218.04063590876
6218.71739572158
6219.9530156543
6220.69753671615
6221.33096464068
6222.05799143132
6222.64924876113
6223.55708439036
6224.1883907572
6225.09173857918
6225.87328333946
6226.42049008152
6227.8131803535
6228.16153159813
6228.73541044154
6229.23449207269
6230.33092668081
6231.18826353843
6232.14771468149
6232.70063755654
6233.42437512825
6233.98294012115
6235.08268838534
6235.51949362035
6236.24591313421
6237.46885659702
6237.85463136834
6239.02909562572
6239.29436074518
6240.36408744872
6240.87733833157
6241.4971164559
6242.34133749115
6243.77089283207
6244.12497915726
6244.65258576898
6245.50474806793
6246.10168971702
6247.06748005834
6247.9516516252
6248.35723186833
6249.45194366136
6250.23998509669
6250.85470244457
6251.71513251069
6252.29164780239
6252.67567938161
6253.98150912328
6254.94788140735
6255.28215316544
6256.34874486377
6256.88431140986
6257.59968625461
6258.06683012887
6259.38374411224
6259.93261914084
6260.84259567004
6261.35145158628
6262.3475022721
6263.06323712134
6263.56039874027
6264.58583792293
6264.77642824429
6266.23497343596
6267.20183812944
6267.46320179443
6268.17385345572
6268.74899636845
6270.05815590195
6270.24427213358
6271.35134986762
6272.3055862479
6272.76391559196
6273.62525736915
6274.42282981477
6274.93602392007
6275.84169997673
6276.35919514374
6277.62069444235
6278.0793024004
6279.22868562547
6279.63891489253
6280.22328144079
6280.88494516406
6281.84868893484
6282.86893645183
6283.68836070142
6284.05379546262
6284.80307837687
6286.00575308034
6286.42500693339
6286.92652505405
6287.85120356073
6288.80405765511
6289.70619097928
6290.38614238822
6291.04398787694
6291.56672406371
6292.49385270722
6293.00005748263
6294.29285326096
6294.75174642479
6295.74774200452
6296.48905552734
6296.73134925977
6297.79059521032
6298.62759732132
6299.43708367051
6299.70782241726
6301.13331212316
6301.87661186808
6302.2806765068
6303.11314148998
6303.7953563501
6304.21766875147
6305.65058612265
6306.39811112456
6306.85003545418
6307.62778617934
6308.45164916971
6309.14834031365
6310.00257270229
6310.31523575085
6311.74982469046
6312.17139364833
6313.00508940675
6313.89381517558
6314.49746018682
6315.08066635754
6315.75764277967
6316.65522298664
6317.81591795725
6318.47261034379
6319.04316793473
6319.55829275608
6320.4769014517
6321.29423915787
6322.0472945825
6322.76537946401
6323.5407270558
6324.47142607341
6325.35079520651
6325.77926528418
6326.35412903011
6327.12343653311
6328.20435298061
6328.88075613146
6329.8492097781
6330.50882648469
6331.04700700239
6331.70338129672
6332.64717877183
6333.27101608084
6334.26014058551
6335.00644122117
6335.79642557614
6336.27343689691
6337.41976687119
6337.99378045537
6338.42426570625
6339.11929609464
6340.50239039963
6341.36058991774
6341.66859207887
6342.29045671911
6343.32197079949
6343.77148610228
6344.71398407267
6345.63818887152
6346.28199293314
6347.00627218679
6348.03341644709
6348.58410805484
6348.98723931652
6350.20539849668
6350.51112719116
6351.56486980802
6352.67304876009
6353.02467283049
6354.09773138114
6354.47839016674
6354.90620096433
6356.13099033733
6356.98742088613
6357.769374765
6358.31925364668
6359.10865587825
6359.98804758121
6360.6945751101
6361.29229258566
6361.86760003818
6362.91222158476
6364.09357240578
6364.37630942307
6365.37200748349
6365.66840707657
6366.55519215159
6367.56639313867
6367.90578648232
6369.29210091209
6369.90648317288
6370.36230144155
6371.08790553712
6372.1117246337
6372.7986072838
6373.14913428757
6374.41663246553
6374.90399033874
6376.11053503544
6376.59275472083
6377.29630212808
6377.84190192821
6378.39872251957
6379.83947288186
6380.47959756664
6380.957880413
6381.89243021763
6382.63519622299
6383.23301500077
6384.09737064437
6384.63164883698
6385.63372143637
6386.42044196522
6387.24761350933
6388.08982307728
6388.43339482389
6389.43962469971
6389.88739177256
6390.67924174964
6391.88832103084
6392.87619280187
6392.93647485911
6393.82475257417
6394.54658153667
6395.48408880118
6396.15526356173
6396.889145719
6397.56344910783
6398.80188573438
6399.27635930452
6399.9941300981
6400.51815361627
6401.39689195368
6401.97871625988
6403.24749891301
6403.94521321116
6404.45924575779
6405.22722940838
6406.11568709671
6406.51047146501
6407.4118356878
6408.36751253602
6409.15022030193
6409.79860717765
6410.46724311234
6411.64991400123
6412.02930076641
6412.51215620652
6413.24514894357
6414.69588174341
6415.00736423852
6416.23651782897
6416.60905774264
6416.89704540729
6418.12871800186
6418.90463108958
6419.52939739285
6420.30876602981
6421.40459121688
6421.84237639069
6422.74524342143
6423.2728832358
6424.06905507282
6424.7757626748
6425.53392845076
6426.68862390916
6427.28718704197
6428.10259301175
6428.4825924061
6429.29502541266
6429.99656591285
6431.04466904399
6431.9161303365
6432.4179861574
6433.12724524763
6434.10150960298
6434.86101281341
6435.32228643461
6436.01226795895
6436.79659369345
6438.25832450796
6438.52872971756
6439.15583529565
6440.06543785333
6440.66553812299
6441.30781392438
6442.23865356575
6443.15979898333
6444.11539020379
6444.29606938513
6445.39429246606
6446.13097282198
6446.53823805554
6447.68118007027
6448.15541398868
6448.96557120867
6450.14053127208
6450.91834955814
6451.20374054347
6451.81673308571
6452.6658326043
6453.60125498197
6454.58522334204
6455.11849324367
6455.9268344822
6456.64485507812
6457.28325633907
6458.30619278896
6458.69438227876
6459.3634271806
6460.7237274223
6461.18150399673
6461.96572974718
6462.70873575599
6463.51075974591
6463.91090894102
6464.6376965009
6465.90407495806
6466.61923468404
6467.32769687143
6467.91484434769
6468.45214740261
6469.57699037572
6470.37471962602
6470.55657807074
6471.89336367516
6472.40205475834
6473.64922670647
6473.91149208044
6474.8645066619
6475.03173087871
6476.15896288423
6477.10605333415
6477.96124562207
6478.52690731633
6479.36052288452
6479.96230072787
6480.82957661526
6481.17025256023
6482.60363271308
6482.87430478378
6483.79500223161
6484.73504858729
6485.4113564637
6486.01596579791
6486.80091354427
6487.3129527723
6488.11374869456
6489.51825130951
6490.05147121692
6490.55295860665
6491.05687259239
6492.1272708968
6492.98837730201
6493.32643614172
6494.42307413211
6495.21143936943
6495.95258838344
6496.7453090893
6497.33088196425
6498.21980830676
6498.50932475349
6499.62814990153
6500.48779250906
6501.38404093895
6501.95513278874
6502.89971354299
6503.0484879597
6503.97938624386
6504.95440336292
6505.83337464957
6506.53075958897
6507.01166032418
6508.17907526785
6508.68979297638
6509.56613365679
6509.92741958789
6510.65858205734
6512.00057046172
6512.63766260487
6513.29366899715
6513.95444455217
6514.81184860441
6515.06741242241
6516.53970833016
6516.71601794628
6517.86959953597
6518.79573474289
6519.1715421126
6519.85795793036
6520.95494613666
6521.35501307404
6522.2067586679
6522.80150339807
6524.10560061891
6524.79175880049
6525.24755236714
6525.96445509705
6526.58160138556
6527.40830965267
6528.38925623873
6529.34350551087
6529.84673952952
6530.31087381938
6531.68617853065
6532.04797351493
6532.54936473797
6533.43295456025
6534.45824873074
6535.10668123405
6536.04821004017
6536.73926905599
6537.22764857149
6538.12419993659
6538.54231522294
6539.54104405798
6540.73246375079
6541.15750503582
6541.92187993328
6542.54015544475
6543.29038154706
6544.23717212735
6544.90720285132
6545.34431305083
6546.52455858934
6547.31154562027
6548.20615514296
6548.67928430803
6549.01975196845
6550.11843743294
6550.80441145838
6551.95584493862
6552.39071916102
6553.41690356218
6553.86577631509
6554.54302270804
6555.51778740706
6556.02995210481
6556.93573168635
6557.75481125726
6558.69585167083
6559.08982979209
6560.16110356628
6560.76961426897
6561.35133832013
6561.70234276255
6563.40039795786
6563.90968096438
6564.4673784989
6565.22719487307
6565.87416426966
6566.80181818315
6567.35130590123
6568.35915018303
6568.8584890189
6569.92776307028
6570.6864328992
6571.33738960031
6571.94071082137
6572.59767363349
6573.40121181087
6574.34230575277
6575.04752778339
6576.22240723413
6576.60593532795
6576.98465269078
6577.98038328844
6578.73444094393
6579.53257371731
6580.55832143262
6580.95955877385
6581.77120571202
6582.93305655834
6583.25066565648
6583.92004346742
6584.64776101763
6585.40299746793
6586.69468757603
6587.41409705312
6587.64806320966
6588.53595654551
6589.27366821865
6590.13733210851
6590.6262582375
6591.7222911473
6592.60971171695
6593.05857426122
6593.86416077194
6594.66063051166
6595.42673037414
6595.96671291637
6596.64364797458
6597.79833956389
6598.57555553038
6599.28148376432
6599.96722898592
6600.65748058793
6600.84166819146
6602.36118625674
6603.1264027752
6603.4632820362
6604.56917294343
6605.14717969091
6606.1600260693
6606.42909389302
6607.37765142739
6607.98895109931
6608.96600371293
6609.93966586709
6610.61449603784
6611.08097698913
6611.93861396101
6612.65140581095
6613.12263617584
6614.29243875543
6615.24471347096
6615.77608498614
6616.40902227318
6617.0644674482
6618.10626200758
6618.73458675193
6619.26130732848
6620.07163419512
6621.24108046866
6621.90411655974
6622.57732156863
6623.28601783515
6623.57709492507
6624.72061511266
6625.45173163509
6626.46866650597
6627.16632245812
6627.5988966254
6628.65570664544
6629.13934402614
6630.04742278616
6630.44486389109
6631.85341023509
6632.13330369232
6632.99215500849
6634.14426802117
6634.61746110068
6634.96143774783
6635.8226767962
6636.67553469013
6637.76877186282
6638.63947670063
6638.89765497966
6639.75886799039
6640.39449479347
6641.40028302987
6642.035557756
6642.63254638137
6643.5191036508
6644.70553699215
6645.15448037195
6645.60161249357
6646.6163331655
6647.32098401726
6647.65313264392
6649.09878665549
6649.65811067214
6650.5060429643
6651.08984701713
6651.71220777468
6652.42528641563
6653.32077913171
6654.11434509626
6655.07221303107
6655.34935722935
6656.63303951813
6657.0649877667
6658.08425917111
6658.35951959786
6658.92166305058
6660.3102192365
6661.09960901413
6661.79723135277
6662.18887931255
6663.17418112975
6663.72920846145
6664.56173818294
6665.28638832878
6666.28609819058
6666.93758693566
6667.63960045324
6668.55296606209
6669.05399232016
6669.7738595079
6670.63134602242
6671.16594153292
6672.23219506508
6673.29144775435
6673.76250580565
6674.32511801895
6674.78313417556
6675.87976099408
6676.87139613809
6677.2011083616
6678.49999216471
6678.78497892342
6679.61692132912
6680.7441087334
6681.05434907559
6681.56148980257
6682.5898242286
6683.63537100443
6684.35937120754
6684.92248400943
6685.79050424948
6686.29503749373
6687.13776282177
6687.60153296756
6689.00400414567
6689.53991584514
6690.22800072309
6690.84286963526
6691.78039731098
6692.41486536341
6693.19408137154
6693.77670838518
6694.56006465091
6695.77976439431
6696.48555994511
6696.85159396859
6697.65105722922
6698.23911795144
6699.04541829829
6700.26694434151
6700.69140040904
6701.45507097729
6702.43463281488
6702.94050655878
6703.56481855551
6704.42918535143
6705.25986935146
6705.80453694094
6706.93876762951
6707.55187817859
6708.36717784022
6709.14212939231
6709.38998642372
6710.37538512158
6711.04323322972
6712.51087375889
6712.75625027049
6713.58150614241
6713.86806696596
6715.34041350689
6715.59282202317
6716.35821964272
6717.0928062064
6718.31739519067
6718.70459334182
6719.7283137208
6720.25055489359
6720.9195407732
6721.46784732147
6722.50625190624
6723.37767186679
6724.14579348918
6724.89916026516
6725.70064814845
6725.91578725607
6726.95142419176
6727.81003567947
6728.49564690903
6729.39116276512
6729.89163995355
6731.06151038202
6731.65265944663
6732.16353677554
6732.90925036908
6733.40577693049
6734.87394289802
6735.33392326743
6736.27758499351
6736.70799976904
6737.33573856407
6738.40916240424
6738.90357814167
6739.6801663098
6740.69649011932
6741.31758010188
6742.23766612626
6742.78412698372
6743.41692108832
6744.49674237604
6744.79075387987
6745.4953238089
6747.08960785987
6747.35751566246
6748.05345128815
6748.71247941984
6749.51049238921
6750.04869477544
6751.19196683474
6752.04641981253
6752.34801676369
6753.39356073396
6754.18769192859
6755.05174001727
6755.31714288478
6756.00333141453
6757.10451274457
6757.95480621045
6758.71839890478
6759.39809712852
6760.1697607281
6760.66625581551
6761.31389796028
6762.41472953428
6763.00757033472
6764.09491316248
6764.70785682735
6765.09902917364
6766.13091148719
6767.03495290322
6767.35960889694
6768.11450148049
6769.0501225354
6770.13715910637
6770.87361581035
6771.25851370422
6771.8819103677
6772.64799640365
6773.62795197346
6774.31071241945
6775.29548064866
6775.80591779877
6776.75638515022
6777.21145972768
6778.13819162816
6778.79586701175
6779.35074944579
6780.40849845136
6781.2583851106
6781.88842276833
6782.7039202509
6783.52501364638
6783.87068938475
6784.46076910687
6785.64894265767
6786.91369258259
6786.96638618293
6787.67339771265
6788.67994127355
6789.38328616387
6790.00898617473
6790.77630552719
6791.53251961668
6792.31608579834
6793.45639741576
6794.12201809244
6794.30750290233
6795.23300368919
6796.0324441171
6796.75539486166
6797.61701792449
6798.78070153592
6799.06377079831
6799.75936458402
6800.6383462288
6801.12921102376
6802.26036628916
6802.73411610464
6803.60552223263
6804.44961623076
6805.2665030139
6805.95211499357
6806.64980027698
6807.11483455995
6807.74281857555
6809.24813167714
6809.71403083333
6810.39771119383
6811.15507189792
6811.68064031046
6812.64731895138
6813.53847518807
6813.66575727998
6815.11427249389
6815.74807453895
6816.25241044744
6817.34339239306
6817.77753231644
6818.66391110749
6818.96496381531
6820.12403328423
6821.08309952392
6821.72381559884
6822.63654930414
6822.99434386676
6823.48409550649
6824.68953104712
6825.38314142642
6826.26250053669
6826.65662647434
6827.79441298371
6828.58203078198
6829.08024907332
6829.66886957201
6830.5793783427
6831.10379466752
6832.37223152934
6833.07559514776
6833.6942417618
6834.21671170597
6835.12960449135
6835.80816582807
6836.33105994795
6837.60684834113
6838.1708307506
6839.17421024504
6839.23386878404
6840.56996410579
6841.22741233657
6841.58731761958
6842.46223742481
6843.2825008604
6844.50190068909
6845.09665603419
6845.48467544191
6846.21194708147
6847.00090631191
6847.75152443648
6848.7202200511
6849.53332363493
6849.9973694179
6851.02696360718
6851.62264876516
6852.42844385297
6852.83482555521
6853.83773657487
6854.56593329796
6855.49162251186
6856.19661723162
6857.06946444817
6857.68401891862
6858.07723819789
6858.79851329079
6860.04858857973
6860.66752594604
6861.53466958139
6862.14848200104
6862.70435258971
6863.58780313502
6864.56768058833
6865.03189285346
6865.39116067674
6866.93578178265
6867.59353777698
6868.01232001651
6869.09364739203
6869.25276192846
6870.31911620559
6870.89560432249
6872.01505768728
6872.74966466907
6873.6403896411
6873.78770749377
6874.97341025888
6875.4657063664
6876.19530045352
6877.28448112481
6877.69619560944
6878.61475521648
6879.60182120597
6880.30455835155
6880.6661082602
6881.41711972979
6882.02338631225
6883.33948770676
6884.03187587433
6884.72760825722
6885.14064911131
6886.17170964587
6886.7808171539
6887.53889553407
6888.16982326278
6889.2239929874
6889.80761171025
6890.82042203301
6891.37311885539
6892.04407362365
6892.69690027977
6893.55298386666
6894.06828065066
6895.27374332606
6896.18825195876
6896.62944118302
6897.17988758909
6897.79720361772
6899.04540498179
6899.42136782186
6900.29163781359
6901.18652427116
6901.80008161505
6902.7676342742
6903.40051496992
6903.98333576197
6904.59681840465
6905.29877649058
6906.74476538827
6907.20388663361
6907.61732922047
6908.8353054485
6909.22642657133
6909.76154218882
6910.76969995829
6911.62976014098
6912.46628054222
6912.9963864277
6913.98868496393
6914.40195381693
6915.5675667029
6915.89288660198
6916.45225543727
6917.55704043542
6918.52534398969
6919.37942334013
6919.78583375674
6920.32947692257
6921.09806462649
6922.08134737156
6922.83173277737
6923.51352401606
6924.42974247288
6925.0340259391
6926.01340977786
6926.34607162242
6927.32237752903
6927.74724954514
6928.91814851838
6929.39178094289
6930.736221664
6931.06196920344
6931.60020318472
6932.56528608999
6933.03626142111
6933.83023958524
6935.13083449397
6935.70648973886
6936.11629580217
6936.8693049223
6938.14879733084
6938.34716141341
6939.12555058263
6939.74968637001
6940.9186929957
6941.7513815172
6942.30617392097
6943.07808340186
6943.72816681234
6944.1368089237
6945.29526076318
6946.03541881027
6946.81727775745
6947.73573610559
6948.17348719916
6949.04637897478
6949.51596813566
6950.54431649388
6951.2759013584
6951.77316008799
6952.86465848324
6953.69093198095
6954.41739749595
6954.85719324008
6955.69016538506
6956.04600268909
6957.36420537168
6958.28213063297
6958.72134267568
6959.45576288471
6960.15667359248
6961.02030813407
6961.65770479912
6962.39117277085
6963.03941851813
6964.17960657358
6964.92021412216
6965.38991116694
6966.20505528688
6967.06682644133
6967.45461480339
6968.15888883456
6969.49710048583
6970.10587949934
6970.80550174703
6971.44849663335
6971.89508275856
6973.14342739539
6973.44521298403
6974.49912425468
6975.30818726387
6975.73880066646
6976.98017541286
6977.7280030975
6977.99470530345
6978.47231654558
6979.74535914644
6980.37479218958
6981.4467930931
6981.96164829146
6982.785365499
6983.23328485884
6984.09281856206
6984.86014238144
6985.55472953909
6986.54167532406
6987.30194217208
6987.81793778369
6988.77015708424
6989.39092041391
6990.18411332417
6990.69762078366
6991.30741163757
6992.9261213253
6993.15516883861
6994.04299831832
6994.40635538134
6995.26689177088
6996.04188681659
6996.95765425423
6997.59168058486
6998.3985272375
6999.28204469353
6999.88136810026
7000.67436495218
7001.29967948394
7001.96469447815
7002.63968078515
7003.89851496226
7004.33591117287
7005.30866333915
7005.8721403096
7006.59213173482
7007.07891219106
7007.85530253758
7009.27851548804
7009.60654022377
7010.16248959673
7011.23933002025
7011.81235710047
7012.64434048641
7013.24270881994
7013.86481065045
7014.70245919581
7015.89909854634
7016.48607565262
7017.2926976362
7017.40900503539
7018.50905803902
7019.22641361424
7020.0473917798
7020.78915983927
7021.97047603547
7022.23685681921
7022.82823336932
7023.93868377745
7024.46171495382
7025.15641666103
7025.95822632713
7026.87924846778
7027.61139709496
7028.522163794
7029.14193581636
7029.55477547644
7030.15917874774
7031.30192018651
7032.17903854907
7033.04207433731
7033.41577867706
7034.08316917281
7035.25159865782
7035.74230518628
7036.17789534066
7037.25658663311
7038.00063164807
7038.93301050984
7039.63280293331
7040.17094007059
7041.09621212965
7041.49830677354
7042.23727818945
7043.28267579569
7044.3211987704
7044.67051314113
7045.62439918364
7046.11721488749
7046.65757000803
7047.99908402611
7048.31819785628
7049.08311490913
7049.92101979915
7051.13311762228
7051.47036161996
7052.01828234579
7052.99020398867
7053.33056419104
7054.3793555927
7055.50832032322
7056.08560513101
7056.54217087718
7057.48875950411
7058.05992860152
7058.97116436694
7059.37675757995
7060.51119252831
7061.48120864336
7061.67329981138
7062.72058343086
7063.69271111909
7063.94129567097
7064.82846665355
7065.26044044654
7066.56804223605
7067.42738339823
7068.03022855425
7068.49100488986
7069.29851927432
7069.90045119034
7071.15177167829
7071.37134955326
7072.41696778449
7073.17382450766
7073.97833503203
7074.66815088776
7075.42572302913
7075.79969200961
7076.67929341953
7077.76498095466
7078.25882539892
7079.3919139289
7079.94319297817
7080.5318721951
7081.00423712015
7082.04298093663
7082.7850155432
7083.69105041708
7084.55730916622
7084.83797019271
7085.89272409714
7086.61108296974
7087.33829841315
7087.93570595894
7088.36905855793
7089.88750112986
7090.51662877217
7091.12959091497
7091.54576338284
7092.52082795419
7093.29276204514
7093.66850163557
7095.09788563412
7095.52178958914
7096.20408706046
7097.2241354789
7097.65342610238
7098.40572535086
7099.19371491788
7099.96679681127
7100.58691014242
7101.68121434551
7102.39332510812
7103.18842759528
7103.6353021935
7104.11903798565
7105.03939904059
7106.25295243637
7106.71924415248
7107.57815052234
7108.13691267572
7108.91102909404
7109.91823124363
7110.24640438989
7110.97853500017
7111.94445064035
7112.74876684789
7113.81189490413
7114.05465364971
7114.90638155014
7115.65064835714
7116.14790771175
7117.10885812708
7117.93892176909
7119.05472794652
7119.51109610753
7119.84842031186
7120.78876300572
7121.86026263819
7122.20868415886
7123.00494199801
7123.87112866092
7124.86825360444
7125.36331578728
7126.39642023336
7126.77184881167
7127.20982575807
7128.17848413246
7129.52051289809
7129.79959138165
7130.598374917
7131.44514454651
7132.057090955
7132.7150402422
7133.47520764504
7134.26007890901
7135.25516548464
7135.74151218216
7136.64303965204
7137.53471191176
7138.00747002379
7138.58159308599
7139.67156795439
7139.80931653645
7141.51617731516
7141.93951109361
7142.53709749387
7143.0483809711
7143.99601143641
7144.7064480746
7145.57101935522
7146.17796242629
7146.98850160784
7147.93314706575
7148.67854804111
7149.19548507708
7149.81307183849
7150.79605446047
7151.13548361313
7152.40594953063
7153.1801309901
7153.78760574143
7154.52310341488
7155.07485783521
7155.8578441919
7156.49817672069
7157.65661736605
7158.21972687248
7159.1592799141
7159.3876000376
7160.68694359844
7161.33076914128
7161.74171007913
7162.22787300378
7163.54572990298
7164.42612922477
7164.92413165794
7165.93290335021
7166.17658665939
7166.87239139948
7167.9921741007
7168.52634332255
7169.45819609485
7170.16879713394
7171.08342656435
7171.58677701496
7172.23625476021
7173.11999379187
7173.90363730012
7174.28465201536
7175.41888109289
7176.39566522694
7176.90840089278
7177.72587801202
7178.05904082151
7178.82751307504
7179.804262206
7180.71006957722
7181.5756936019
7181.89053661083
7182.76227921996
7183.71620783805
7184.28077818929
7184.92038634603
7185.49298616702
7186.68565907251
7187.38515097165
7188.33136014404
7188.60050013483
7189.46807084607
7190.3573174024
7190.58907012324
7191.73197231288
7192.85145382167
7193.33991118466
7193.85038263965
7194.69889111553
7195.54251699457
7196.08141952529
7196.89942439407
7197.94490440729
7198.05743720713
7199.72410410345
7200.03349238647
7200.53313267378
7201.42575494742
7201.7600898755
7203.06009749258
7203.80424705848
7204.43742186087
7205.33735785981
7205.88253186326
7206.52099749354
7207.37595555506
7208.23025346397
7208.57629553083
7209.85467526118
7210.50018862485
7211.08340559858
7211.94934899304
7212.81584417935
7213.11620920084
7213.71043164416
7214.96844385305
7215.95376736532
7216.45385356924
7216.96745524228
7217.7081965803
7218.52688360265
7219.39044325739
7219.98123147117
7220.68860201995
7221.80797670692
7222.24566611659
7223.38185886042
7223.6764307321
7224.29899191115
7225.17236414922
7225.91521709787
7227.04764034225
7227.56158461967
7228.37114100579
7229.03393535793
7229.67259390229
7230.20394689825
7231.28592707263
7232.15275279649
7232.72763011307
7233.38264482857
7234.44555913087
7235.01010133709
7235.71253873108
7236.23494285969
7236.98994238682
7237.95467003693
7239.15471570003
7239.49523936851
7240.1675412207
7240.57528456132
7241.8446766106
7242.32458533225
7242.93028844569
7244.24372583391
7244.59822146219
7245.45629600199
7246.13728966843
7246.91532938565
7247.55111546668
7248.22930439667
7248.95089640996
7250.14712418648
7250.64767621534
7251.6747534529
7251.91324415216
7252.75552432998
7253.21522572247
7254.49150847395
7255.31426626395
7255.71013662696
7256.54693481858
7257.42511775733
7258.10622590306
7258.75886361475
7259.41076161484
7260.00684810119
7261.26295952228
7262.06411643915
7262.3737030327
7263.49255108027
7263.9067704182
7264.43654945846
7265.48175893774
7266.2594415354
7267.12715420094
7267.94146860604
7268.47134143114
7269.00252802169
7270.05446743595
7270.71641489168
7271.35792106571
7272.00202016791
7273.04823862948
7274.15288756478
7274.47639902884
7274.88432338934
7275.91821548059
7276.3948729762
7277.39694313296
7278.51604686275
7278.86132732334
7279.64591793567
7280.30367786077
7281.3489423575
7281.74982407199
7282.291698171
7283.55332700266
7284.12705443492
7284.86155967528
7285.74319520465
7286.58798941522
7286.84376528607
7287.69601236876
7288.26543944754
7289.60256563764
7290.1877665824
7290.99064382446
7291.48829250296
7292.02339784101
7293.32664496292
7293.51764210287
7294.61582327277
7295.04649577291
7296.22907759843
7296.90002018345
7297.67067216247
7298.12657005262
7298.74418007327
7299.6861112388
7300.40549159437
7301.39449603355
7302.25452675155
7302.59265748053
7303.62397168784
7303.90968153104
7304.80836873689
7305.8649241965
7306.31047738185
7307.24320300745
7308.08644609423
7308.57780592948
7309.56592602355
7310.32051777375
7310.53330993887
7311.25605174561
7312.85015045038
7313.31357092015
7313.77665368795
7314.5864414252
7315.34998899056
7315.95242018128
7316.85034029355
7317.50116494391
7318.52825882245
7319.05204267036
7319.92176939643
7320.68827788873
7321.22150412208
7321.90416113424
7322.70561267632
7323.50532740389
7324.32186715035
7325.41966710416
7325.88870018806
7326.38258497313
7326.89370453196
7328.13010805591
7328.60120000918
7329.78227168121
7330.20929649008
7330.84274450262
7332.03990246787
7332.36696729625
7333.24210477305
7333.68057892338
7334.53199463037
7335.67056689581
7336.36334670533
7337.12075160581
7337.45181718744
7338.52977958344
7338.87748911053
7339.86522662888
7340.58670921335
7341.75914384686
7342.21640512589
7342.65982182483
7343.66391291024
7344.39447696077
7345.24833630875
7345.45155872609
7346.5815777354
7347.51866018565
7348.3345697804
7348.86313004736
7349.55538740822
7350.08252842257
7350.76256034203
7352.15625061739
7352.5487786003
7353.25933530799
7354.05348913937
7355.07503232782
7355.2628484896
7356.16411271706
7356.9394362134
7357.76086230841
7358.41904939132
7359.63502817871
7359.89815474005
7360.78603087216
7361.36679310107
7362.14644249228
7362.56975083672
7364.05171130348
7364.54348030106
7365.32575374901
7365.80593330795
7366.47003835177
7367.58924039978
7368.31396134178
7368.43506160434
7369.72800587696
7370.51576526722
7371.29522499669
7372.00912951576
7372.48537747988
7373.14891423879
7373.96588579234
7374.89126454773
7375.69276419935
7376.59051826562
7377.09243924817
7377.62391748784
7378.71482101288
7379.03638608932
7379.97428455755
7381.00966410435
7381.49242624797
7382.19958237585
7383.2581027898
7383.94342291013
7384.42834689064
7384.79346485357
7385.92605061117
7386.94276607295
7387.73845868943
7388.23756309641
7388.88203081201
7389.62248196452
7390.36337960492
7391.22418624784
7391.91659653886
7392.55047481197
7393.75530813848
7394.23235535645
7394.79362717043
7395.63668967435
7396.45157079641
7396.86103226582
7397.74594056825
7398.94723142339
7399.61567030744
7399.99934468615
7400.93215858958
7401.27032687692
7402.29430720034
7403.06862335776
7404.07906742181
7404.47772525963
7405.21663627102
7406.3395516744
7406.85240706061
7407.32898687525
7408.19448793938
7408.71346109861
7410.25248876327
7410.49594565986
7411.25674698098
7412.07704573374
7412.60987633029
7413.3731384433
7414.0364201296
7415.11217272308
7415.82187381707
7416.58736803893
7417.04884763393
7418.06450421299
7418.5935726021
7419.45821873802
7419.92519076598
7420.83389190311
7421.79972258546
7422.67432901811
7423.32289809551
7423.78462918217
7424.11865180177
7425.51650567749
7426.07448620538
7426.8723547411
7427.71737316495
7428.55116304752
7428.7878710132
7430.04385394477
7430.51792539758
7430.95577336639
7432.07940222755
7432.87107388124
7433.7142363029
7434.31927933348
7435.05152608782
7435.74874104207
7436.34976373535
7436.86301458687
7438.40908733199
7438.85186523713
7439.42102258959
7440.13856315347
7440.95215311853
7441.7450830359
7442.35713290273
7443.10431715017
7443.76951828698
7444.90535511309
7445.61548486516
7446.25917315874
7446.69959100276
7447.51292720366
7448.20007412064
7449.13084214062
7450.27211574941
7450.38844043139
7451.62641524343
7451.96911151913
7452.70832485396
7453.46429625006
7454.34324767752
7455.09947216565
7455.72823558072
7456.6297658887
7457.59261967962
7457.95552614437
7458.73485882118
7459.2591740404
7460.03943431644
7461.18175204636
7462.11323826338
7462.59894089387
7462.8701917215
7463.98525340189
7464.72932735738
7465.49907137024
7465.87245596833
7467.13385743502
7467.75288518755
7468.57366558727
7469.02651543893
7470.13639353462
7470.50989721814
7470.9556016213
7472.34463643444
7472.855043347
7473.84593535319
7474.56648809062
7474.92818431648
7475.60712370319
7476.46917202775
7477.55689275252
7477.93487484879
7478.92311203738
7479.44368924479
7480.54427093426
7481.14350216538
7481.6273797345
7482.23309244939
7483.15039188869
7484.15845514394
7484.99387683742
7485.56094148142
7486.13322667294
7486.92871341791
7487.59243948295
7488.36535669392
7489.13900635449
7490.24259764632
7490.61576642987
7491.42310921343
7492.31686640303
7492.68936014732
7493.79628274665
7494.27734818424
7494.72270357186
7496.30918016774
7496.92102785399
7497.15789842846
7498.11634272787
7498.62125280115
7499.43005223469
7500.38732048924
7501.1606266111
7501.99758028322
7502.32735382968
7503.48774455318
7504.08930688139
7504.6852046509
7505.22528150493
7506.23250533804
7507.23363219521
7507.63655175065
7508.77609304743
7509.22858053943
7509.94416969491
7510.36762351965
7511.32339413672
7512.33831608763
7513.14047823778
7513.64467407737
7514.6688642739
7514.73564182774
7516.17840841524
7516.52771283136
7517.18714120321
7517.95058331789
7519.1183534204
7519.831411199
7520.41966154585
7520.94047069044
7521.69229110106
7522.39362817929
7523.33653215401
7524.17886095864
7524.85820169691
7525.73228753129
7526.20117112774
7526.83878271155
7527.86427913111
7528.35874806586
7529.13422291975
7530.17823241661
7530.66156407966
7531.64219362774
7532.34477557626
7532.94238600673
7533.39015297331
7534.13609257448
7535.40653597068
7536.27080686108
7536.66741800463
7537.11753841524
7538.26008447805
7538.97426810375
7539.31416237163
7540.38272629921
7541.13203518628
7541.80818983707
7542.84333127069
7543.54170884465
7543.80288036857
7544.70285037596
7545.53789858196
7546.05848330223
7547.18660461009
7548.04385919676
7548.66100218857
7549.13413337431
7549.74571481392
7550.76396797605
7551.42856658932
7552.39012275637
7552.75616035896
7553.90143101246
7554.47919294862
7555.28682173473
7556.02778008597
7556.35389615085
7557.0840565623
7558.46570101494
7559.01990418859
7559.67513914953
7560.45354486039
7560.93575315384
7561.84832934203
7562.49326988156
7563.20899249696
7564.25892809494
7564.96849433445
7565.50597981558
7566.24168779533
7567.42928679678
7567.45398340123
7568.41216387917
7568.98449033508
7570.31987538069
7570.89337956873
7571.56151030776
7572.36114601519
7572.6394445868
7573.46529247872
7574.70608317862
7575.17708750051
7575.85338574254
7576.78812447185
7577.48591667619
7578.31792596923
7578.70231161213
7579.45321658613
7580.41798122721
7580.94035387043
7582.30125423123
7582.52039908931
7583.52086218032
7583.90932286641
7584.67438042653
7585.47816846926
7586.14034174068
7587.52074358565
7587.84806720311
7588.27546172071
7589.24201160865
7590.21901566414
7590.73031055706
7591.18116416725
7592.14270721626
7593.02687105211
7594.13690768658
7594.44949310686
7595.13076023165
7595.7077173615
7596.68482700742
7597.16709092935
7598.48253757618
7598.85114353732
7599.69777897415
7600.41632023239
7601.21086445524
7601.56728661638
7602.80993134736
7603.00577513938
7604.27534285697
7604.7194557578
7605.74495147751
7606.52570569598
7606.9889162114
7607.57796214606
7608.12403958383
7609.57163835699
7610.05644391121
7610.84144102276
7611.55943780928
7612.07105534809
7612.90076561367
7613.87406186906
7614.28766491724
7614.93823892414
7616.12536578536
7616.93136595767
7617.38580568928
7618.06063860476
7618.93880569819
7619.4616032075
7620.12425143353
7621.20442609382
7622.16411228184
7622.78822556272
7623.0530879189
7624.12107766762
7624.63366994762
7625.5237197696
7626.30041192698
7627.14739263277
7627.59902982186
7628.72342870328
7629.49762924268
7629.87313365828
7630.6402947057
7631.04261854513
7632.39367224948
7633.12601503676
7633.77556174895
7634.53618306881
7635.01576725505
7635.87756246332
7636.66931119357
7637.13582470428
7638.29146184513
7638.99909443661
7639.54431081233
7640.45258973673
7641.30125417312
7641.55660504349
7642.62993131284
7643.00852703276
7644.02245354227
7645.19340651117
7645.69884542342
7646.29805349701
7646.65219279559
7647.6817503852
7648.56680127015
7649.19224164728
7649.99812548732
7650.75543158912
7651.59025893005
7652.22602318812
7652.89230710027
7653.80159190621
7653.96589131446
7655.11263881247
7656.23324113077
7656.76713071593
7657.18224160621
7658.4513806283
7658.78288053702
7659.05028879802
7660.41915122668
7661.28448832838
7661.80957032021
7662.68638235959
7663.0893831115
7664.28296790999
7664.6673584528
7665.46025398945
7665.96165612075
7667.01037043899
7668.01297341349
7668.69874995598
7669.190630092
7669.75465770278
7670.49590020094
7671.46434751424
7672.12384741571
7673.02939590562
7673.75817637196
7674.4190280069
7675.14101357062
7675.82605027333
7676.47410533809
7677.36709243371
7677.95845300554
7678.87864157422
7679.71626667324
7680.54906520776
7681.12846147262
7681.42405084094
7682.47317058939
7683.01225656142
7684.31787250678
7684.98216937637
7685.39819916044
7686.048968532
7687.03469274087
7687.87686628704
7688.27756601194
7688.83730367128
7690.19837271835
7690.71063701674
7691.45228520023
7692.37153499815
7692.69788445487
7693.50754945334
7694.11684245321
7695.14856930961
7696.01781283237
7696.68192898795
7697.46992364608
7697.89453553061
7698.69470942851
7699.421407387
7700.407604483
7701.03365530343
7701.48367460279
7702.89720007578
7703.27663191998
7703.9740622808
7704.63709804505
7705.20701037649
7705.95741155821
7707.38178504359
7707.66534880125
7708.387888012
7709.28546821471
7709.65060968668
7710.76410183192
7711.10716377494
7712.12407021846
7712.83473733007
7713.78950706725
7714.37595591268
7714.9597417562
7715.97991915365
7716.48438085743
7716.94576336421
7717.86486513026
7719.15279062742
7719.61213848548
7720.36169965303
7720.76764469692
7721.51066379616
7722.63338415024
7722.96421408778
7724.02397364867
7724.84991711009
7725.18340949402
7726.4570842518
7727.05202383395
7727.38318243775
7728.06306979603
7729.12244025874
7729.92276596546
7730.65354778852
7731.57281694765
7732.04090790275
7732.81441654914
7733.20233866023
7734.25580901005
7735.05391577696
7735.85027913161
7736.63870894768
7737.18009855209
7737.91146399874
7738.92724580893
7739.37568166976
7739.96232936405
7740.68485269809
7741.94945142316
7742.77473863538
7743.10494680768
7743.69817864576
7744.57959731173
7745.20106290912
7746.10649387608
7746.87688723248
7747.69973529015
7748.38562113071
7749.06459892416
7749.83359598223
7750.44979493479
7751.18247780265
7751.92453378111
7752.69704718013
7753.68236581178
7754.40492984654
7754.99298266065
7755.71465910932
7756.38504510795
7756.68830928812
7758.21092142207
7758.8981159103
7759.35752452209
7759.96830155586
7761.16660092718
7761.47396117056
7762.26070715767
7763.16678073271
7763.47166116299
7764.94261706237
7765.25649784016
7766.43424568255
7766.5759927383
7767.36838746726
7768.10921150632
7769.0554092838
7769.58877121265
7770.84846920524
7771.3443054504
7771.90614379374
7772.4252223465
7773.55309053994
7774.23204481852
7774.64222679858
7775.73877721811
7776.40330426136
7777.27248612351
7778.14449312156
7778.50714535711
7779.12034295338
7779.7802672323
7780.92073030331
7781.86583944292
7782.32284507402
7782.98579061628
7783.76568573999
7784.49697358846
7785.32768562041
7785.64486067957
7786.87692518686
7787.5140215909
7788.2277834887
7789.19500871777
7789.51275243038
7790.63496121702
7790.91186857414
7791.5264329464
7792.87408226424
7793.51227557195
7794.3510455226
7794.79391889802
7795.42341980239
7796.16200540318
7797.16469350382
7797.80425128371
7798.51611189598
7799.17707879116
7800.4258858048
7800.75323592086
7801.44474611055
7801.99074249558
7803.03650189622
7803.41744438095
7804.72284238517
7805.3937649221
7805.94786426301
7806.539979372
7807.49351906002
7807.88710833098
7808.77311352859
7809.71298806491
7810.68198628111
7810.89579881716
7811.7976077846
7812.72337450255
7813.43712987718
7813.87211292922
7814.39362201811
7815.59348811116
7816.75817250249
7816.8828605335
7817.82973587369
7818.38805059186
7818.94070653687
7819.96438339501
7820.7898205159
7821.30439754151
7822.35684904803
7823.00746429903
7823.53731322891
7824.53940872349
7824.96330100831
7825.64690869103
7826.61918966444
7827.35538987725
7828.12434762701
7829.29273476478
7829.45158193489
7829.98932620514
7830.85567045987
7831.64005926168
7832.82135899473
7833.1749372489
7834.1417905368
7834.53091633762
7835.55001968693
7836.23064291789
7836.85180131685
7837.46290627269
7838.22826528462
7839.62195359442
7839.97639985836
7840.45975006451
7841.36303263949
7842.02662582704
7842.69583107729
7843.33623930928
7844.71670643831
7845.07975046777
7845.73289376697
7846.5028384207
7847.28157859697
7847.85811872196
7848.70496321283
7849.47851786572
7850.06921068293
7851.09813636052
7851.91321420322
7852.55857456859
7853.10333141955
7853.41268034177
7854.6206291636
7855.47011310225
7856.362745936
7856.81773874751
7857.53070172241
7858.39837568919
7858.96609725254
7859.76540805935
7860.35729235336
7861.33750568192
7862.0536662843
7862.96438963835
7863.44545119911
7864.29919460537
7864.86951047627
7865.54478003557
7866.15061378179
7867.52353430015
7867.96095061734
7868.90561501439
7869.35141147726
7869.6798337615
7871.08838273081
7871.6273726385
7872.04741750032
7873.1689280974
7873.90959254065
7874.65362480176
7875.39403752268
7875.97398654989
7876.68775150756
7877.06820997703
7878.52115834534
7879.03705041197
7879.78718337941
7880.51404844592
7881.20211880464
7881.78847590512
7882.48399493126
7883.33012779928
7884.48335145672
7884.74949164832
7885.50141306131
7886.61930299533
7887.14807411418
7887.61712534868
7888.56454682873
7888.95563484224
7890.08831853505
7891.30148407706
7891.59590859254
7891.94898468785
7892.90411106466
7893.67662455261
7894.36318511392
7895.31252915947
7895.79788997707
7896.92582381289
7897.38094964893
7898.21689158921
7898.82315291389
7899.51188584698
7900.27138456297
7900.94064291716
7901.97898288974
7902.77809960415
7903.4729414332
7903.92218540268
7904.66695648964
7905.27323104772
7906.22299504758
7907.20916717956
7907.85889381395
7908.36067453349
7909.12409902243
7910.16334246613
7910.71680716329
7911.20464746878
7911.79743629334
7913.15689083587
7913.72494327818
7914.49155589683
7915.08585002627
7915.90131606887
7916.2864966316
7917.1420076712
7918.22076202881
7918.74237227958
7919.72594332214
7920.26449478177
7921.11735470583
7921.39701068135
7922.61915019885
7923.21886765433
7923.63790583105
7924.71813216914
7925.70206573275
7926.29185687529
7926.90686264933
7927.49899646202
7928.0035527236
7929.14807385642
7929.90889080855
7930.79085582602
7931.40878842316
7931.80590973325
7932.91397069641
7933.66885981899
7933.91709945644
7934.88424677821
7935.86463055228
7936.47463697809
7937.48078521884
7937.83233796375
7938.81660132248
7939.21245150245
7940.01411346134
7940.63856308422
7942.01543300516
7942.69113616412
7942.85280959619
7943.74222355878
7944.57856112867
7945.25422706441
7945.99635801817
7946.77509824633
7947.46506924516
7948.29839281817
7949.40476329341
7949.72404207172
7950.2129229078
7951.05277769921
7951.7423625916
7952.9723870535
7953.3616662854
7954.25297934019
7955.19338670964
7955.36960239441
7956.11657766891
7957.25197778417
7957.64827022067
7958.59832217644
7959.51393537338
7959.949429806
7960.88097124701
7961.57414935235
7962.26823721079
7962.81283884036
7963.30321207994
7964.97543439469
7965.28394419071
7965.93241595398
7966.63927710558
7967.19614296743
7968.25929379596
7968.6762504076
7969.71540698817
7970.28249558063
7971.23234514923
7971.97743630805
7972.46098581989
7973.47695361839
7973.74195951813
7974.62021215002
7975.495260694
7976.39015475407
7977.14852212552
7977.83956644558
7978.44479985191
7978.95543262508
7979.70201747886
7980.73712913675
7981.67943202326
7982.00749866494
7982.86035877513
7983.62886110162
7984.63368231263
7984.97274904517
7985.45785932695
7986.53152083782
7987.24985309754
7988.32839213993
7988.97298750184
7989.47954652354
7989.88544157894
7991.09116967971
7991.56809292472
7992.26727519904
7993.49229928673
7994.00726882326
7994.6103586853
7995.29838399505
7996.18571440752
7996.81025777695
7997.57940604965
7998.03293852518
7999.24547635657
